integral: 342.83136e+06
2.83138e+06
2.8314e+06
2.83142e+06
2.83145e+06
2.83146e+06
2.83147e+06
2.83148e+06
2.83149e+06
2.8315e+06
2.83151e+06
2.83151e+06
2.83151e+06
2.83152e+06
2.83161e+06
2.83162e+06
2.83165e+06
2.83165e+06
2.83166e+06
2.83167e+06
2.83168e+06
2.83172e+06
2.83174e+06
2.83174e+06
2.83175e+06
2.83176e+06
2.83178e+06
2.83179e+06
2.8318e+06
2.83183e+06
2.83184e+06
2.83188e+06
2.8319e+06
2.83196e+06
2.83203e+06
2.83204e+06
2.83206e+06
2.83206e+06
2.8321e+06
2.8321e+06
2.83217e+06
2.83217e+06
2.83218e+06
2.83219e+06
2.8322e+06
2.83222e+06
2.83222e+06
2.83224e+06
2.83225e+06
2.83226e+06
2.83226e+06
2.83227e+06
2.83228e+06
2.83232e+06
2.83235e+06
2.8324e+06
2.83245e+06
2.83246e+06
2.83246e+06
2.83247e+06
2.83249e+06
2.8325e+06
2.83253e+06
2.83254e+06
2.83254e+06
2.83254e+06
2.83257e+06
2.83263e+06
2.83264e+06
2.83268e+06
2.83272e+06
2.83275e+06
2.83277e+06
2.83279e+06
2.83282e+06
2.83282e+06
2.83284e+06
2.83285e+06
2.83291e+06
2.83292e+06
2.83293e+06
2.83294e+06
2.83294e+06
2.83536e+06
2.83537e+06
2.83537e+06
2.8354e+06
2.83541e+06
2.83541e+06
2.83542e+06
2.83542e+06
2.83546e+06
2.83548e+06
2.84496e+06
2.84498e+06
2.845e+06
2.84501e+06
2.84503e+06
2.84508e+06
2.84508e+06
2.84512e+06
2.84512e+06
2.84512e+06
2.84514e+06
2.84521e+06
2.84523e+06
2.84525e+06
3.32448e+06
3.32449e+06
3.32452e+06
3.32453e+06
3.32454e+06
3.32454e+06
3.32852e+06
3.32852e+06
3.32852e+06
3.3286e+06
3.3286e+06
3.32861e+06
3.32863e+06
3.32863e+06
3.32865e+06
3.32866e+06
3.32868e+06
3.32869e+06
3.3287e+06
3.3287e+06
3.32871e+06
3.32872e+06
3.32872e+06
3.32872e+06
3.32875e+06
3.32876e+06
3.32876e+06
3.32876e+06
3.32878e+06
3.32884e+06
3.32888e+06
3.32889e+06
3.32892e+06
3.32892e+06
3.32894e+06
3.32895e+06
3.32897e+06
3.32898e+06
3.32901e+06
3.32902e+06
3.32904e+06
3.32906e+06
3.32906e+06
3.32909e+06
3.3291e+06
3.32911e+06
3.32913e+06
3.32918e+06
3.3292e+06
3.32923e+06
3.32923e+06
3.32924e+06
3.32926e+06
3.32926e+06
3.32927e+06
3.32928e+06
3.32929e+06
3.32929e+06
3.3293e+06
3.32931e+06
3.32932e+06
3.32934e+06
3.32934e+06
3.32939e+06
3.32941e+06
3.32941e+06
3.32945e+06
3.32945e+06
2.83475e+06
2.83476e+06
2.83477e+06
2.83478e+06
2.83479e+06
2.83481e+06
2.83481e+06
2.83483e+06
2.83486e+06
